-0.0002	-5.0007	1.5708	-1.1000	-0.1000	0.5000	1.5000	0.1194
0.0008	-4.9388	1.5945	-1.1000	-0.1000	0.5000	1.5000	0.2462
-0.0242	-4.7481	2.0506	-1.1000	-0.1000	0.5000	-1.5000	0.3106
-0.1311	-4.5910	2.0919	-1.1000	-0.1000	0.5000	-1.5000	0.4389
-0.2016	-4.4278	1.6365	-1.1000	-0.1000	0.5000	1.5000	0.5179
-0.1924	-4.1977	1.7082	-1.1000	-0.1000	0.5000	1.5000	0.6326
-0.2074	-4.0992	1.9607	-1.1000	-0.1000	0.5000	-1.5000	0.8222
-0.2280	-4.0432	2.1069	-1.1000	-0.1000	0.5000	-1.5000	0.8565
-0.3433	-3.8667	1.8909	-1.1000	-0.1000	0.5000	-1.5000	0.9641
-0.3771	-3.6524	1.3366	-1.1000	-0.1000	0.5000	1.5000	1.0533
-0.3092	-3.4614	1.3269	-1.1000	-0.1000	0.5000	1.5000	1.1657
-0.2861	-3.2861	1.7850	-1.1000	-0.1000	0.5000	0.5506	1.2570
-0.3526	-3.0969	2.1190	-1.1000	-0.1000	0.5000	-1.5000	1.3554
-0.4732	-2.9240	2.0907	-1.1000	-0.1000	0.5000	-1.5000	1.4575
-0.5392	-2.7798	1.6823	-1.1000	-0.1000	0.5000	1.2097	1.5398
-0.5390	-2.5630	1.6790	-1.1000	-0.1000	0.5000	1.3612	1.6647
-0.5567	-2.4396	1.9517	-1.1000	-0.1000	0.5000	-1.5000	1.7633
-0.6165	-2.3132	2.1431	-1.1000	-0.1000	0.5000	-1.5000	1.8374
-0.6942	-2.1771	1.7844	-1.1000	-0.1000	0.5000	-0.2046	1.9424
-0.7157	-2.0266	1.5768	-1.1000	-0.1000	0.5000	1.5000	2.0613
-0.7154	-1.8474	1.7556	-1.1000	-0.1000	0.5000	0.2652	2.1628
-0.7549	-1.7016	1.9928	-1.1000	-0.1000	0.5000	-1.5000	2.2993
-0.8182	-1.5670	2.0542	-1.1000	-0.1000	0.5000	-1.5000	2.3410
-0.8866	-1.4313	1.7858	-1.1000	-0.1000	0.5000	-0.3526	2.4709
-0.9063	-1.3303	1.5777	-1.1000	-0.1000	0.5000	0.8646	2.5440
-0.9031	-1.1861	1.6308	-1.1000	-0.1000	0.5000	0.6130	2.6418
-0.9163	-1.0460	1.8145	-1.1000	-0.1000	0.5000	-0.2332	2.7402
-0.9636	-0.8780	1.8249	-1.1000	-0.1000	0.5000	-0.2966	2.8468
-1.0076	-0.6854	1.7100	-1.1000	-0.1000	0.4148	0.0481	2.9495
-1.0265	-0.5341	1.6867	-1.1000	-0.1000	0.3078	0.1063	3.0540
-1.0428	-0.3975	1.7191	-1.1000	-0.1000	0.2119	0.0589	3.1439
-1.0566	-0.3059	1.7482	-1.1000	-0.1000	0.0000	0.0000	3.2409
-1.0605	-0.2827	1.7602	-3.0000	0.0000	0.0000	1.5000	3.3467
-1.0577	-0.2782	1.8686	-3.0000	0.0000	0.0000	1.5000	3.4639
-1.0411	-0.2679	2.3128	-3.0000	0.0000	0.0000	1.2472	3.5395
-1.0296	-0.2486	2.8205	-3.0000	0.0000	0.5000	1.5000	3.6326
-1.1159	-0.2275	-3.0330	-3.0000	0.0000	0.5000	-1.5000	3.7409
-1.2740	-0.2574	-2.9697	-3.0000	0.0000	0.5000	-1.5000	3.8250
-1.4510	-0.2688	2.8580	-3.0000	0.0000	0.5000	0.8184	3.9480
-1.5978	-0.2124	2.7208	-3.0000	0.0000	0.5000	1.5000	4.0569
-1.7512	-0.1549	3.0922	-3.0000	0.0000	0.5000	-0.4342	4.1934
-1.8878	-0.1584	-2.9209	-3.0000	0.0000	0.5000	-1.5000	4.2362
-2.0870	-0.1938	2.9893	-3.0000	0.0000	0.5000	-0.2473	4.3626
-2.2941	-0.1303	2.6776	-3.0000	0.0000	0.4827	0.9303	4.4271
-2.5471	-0.0276	3.0383	-3.0000	0.0000	0.3174	0.0896	4.5440
-2.7233	-0.0227	-3.0740	-3.0000	0.0000	0.1921	-0.1928	4.6408
-2.8206	-0.0304	-3.1189	-3.0000	0.0000	0.1251	-0.1609	4.7392
-2.8857	-0.0331	3.0807	-3.0000	0.0000	0.0813	-0.1216	4.8542
-2.9218	-0.0323	3.0270	-3.0000	0.0000	0.0000	1.5000	4.9543
-2.9422	-0.0279	3.0978	-3.0000	0.0000	0.0000	1.5000	5.0445
-2.9507	-0.0102	-2.7707	-3.0000	0.0000	0.0000	1.5000	5.1509
-2.9603	0.0047	-2.3713	-3.0000	0.0000	0.0000	1.4409	5.2428
-2.9770	0.0154	-1.9223	-3.0000	0.0000	0.0000	0.6327	5.3470
-2.9908	0.0159	-1.6320	-3.0000	0.0000	0.0000	0.1102	5.4355
-2.9961	0.0136	-1.5365	-3.0000	0.0000	0.0000	0.0000	5.5533
-2.9965	0.0135	-1.5299	-3.0000	0.0000	0.0000	0.0000	5.6317
-2.9965	0.0137	-1.5301	-3.0000	0.0000	0.0000	0.0000	5.7558
-2.9965	0.0137	-1.5302	-3.0000	0.0000	0.0000	0.0000	5.8416
-2.9965	0.0138	-1.5304	-3.0000	0.0000	0.0000	0.0000	5.9731
-2.9965	0.0139	-1.5306	-3.0000	0.0000	0.0000	0.0000	6.0877
-2.9965	0.0140	-1.5307	-3.0000	0.0000	0.0000	0.0000	6.1513
-2.9965	0.0141	-1.5309	-3.0000	0.0000	0.0000	0.0000	6.2644
-2.9965	0.0142	-1.5311	-3.0000	0.0000	0.0000	0.0000	6.3557
-2.9965	0.0143	-1.5313	-3.0000	0.0000	0.0000	0.0000	6.4608
-2.9965	0.0144	-1.5315	-3.0000	0.0000	0.0000	0.0000	6.5621
-2.9965	0.0145	-1.5317	-3.0000	0.0000	0.0000	0.0000	6.6333
-2.9966	0.0147	-1.5320	-3.0000	0.0000	0.0000	0.0000	6.7326
-2.9966	0.0149	-1.5323	-3.0000	0.0000	0.0000	0.0000	6.8543
-2.9966	0.0150	-1.5326	-3.0000	0.0000	0.0000	0.0000	6.9407
-2.9966	0.0151	-1.5329	-3.0000	0.0000	0.0000	0.0000	7.0429
-2.9966	0.0152	-1.5331	-3.0000	0.0000	0.0000	0.0000	7.1365
-2.9966	0.0154	-1.5333	-4.9000	1.1000	0.0000	-1.5000	7.2295
-2.9721	0.0130	-2.1451	-4.9000	1.1000	0.0000	-1.5000	7.3415
-2.9522	0.0012	-2.6479	-4.9000	1.1000	0.0000	-1.5000	7.4265
-2.9471	-0.0250	3.0368	-4.9000	1.1000	0.0000	-0.7520	7.5382
-2.9487	-0.0472	2.5656	-4.9000	1.1000	0.5000	0.4699	7.6334
-2.9964	-0.0178	2.3034	-4.9000	1.1000	0.5000	1.5000	7.7519
-3.0837	0.0843	2.4950	-4.9000	1.1000	0.5000	1.3231	7.8687
-3.2040	0.1624	2.8260	-4.9000	1.1000	0.5000	-1.5000	7.9835
-3.3469	0.1986	3.0328	-4.9000	1.1000	0.5000	-1.5000	8.0639
-3.4869	0.2183	2.7317	-4.9000	1.1000	0.5000	-1.1459	8.1321
-3.6373	0.2996	2.3946	-4.9000	1.1000	0.5000	1.2627	8.2504
-3.7389	0.4061	2.3037	-4.9000	1.1000	0.5000	1.5000	8.3441
-3.8384	0.5042	2.6500	-4.9000	1.1000	0.5000	-0.1128	8.4383
-4.0273	0.5857	2.7653	-4.9000	1.1000	0.5000	-0.7355	8.5571
-4.2061	0.6622	2.5827	-4.9000	1.1000	0.5000	-0.0154	8.6626
-4.3255	0.7434	2.5053	-4.9000	1.1000	0.4718	0.2547	8.7415
-4.4601	0.8401	2.5812	-4.9000	1.1000	0.3575	0.0640	8.8503
-4.5761	0.9103	2.6275	-4.9000	1.1000	0.2627	-0.0275	8.9624
-4.6660	0.9608	2.6435	-4.9000	1.1000	0.1904	-0.0492	9.0455
-4.7371	0.9993	2.6259	-4.9000	1.1000	0.0000	0.0000	9.1504
-4.7541	1.0089	2.6213	-5.0000	3.0000	0.0000	-1.5000	9.2541
-4.7670	1.0090	2.4223	-5.0000	3.0000	0.0000	-1.3231	9.3558
-4.7836	0.9952	1.9420	-5.0000	3.0000	0.5000	-1.5000	9.4371
-4.8054	1.0810	1.4173	-5.0000	3.0000	0.5000	1.5000	9.5439
-4.7684	1.2392	1.3681	-5.0000	3.0000	0.5000	1.5000	9.6422
-4.7528	1.4154	1.8301	-5.0000	3.0000	0.5000	-0.7813	9.7629
-4.7985	1.5508	2.0091	-5.0000	3.0000	0.5000	-1.5000	9.8857
-4.8522	1.6695	1.7854	-5.0000	3.0000	0.5000	-0.6487	9.9446
-4.8732	1.8228	1.5170	-5.0000	3.0000	0.5000	0.8864	10.0388
-4.8553	2.0087	1.5488	-5.0000	3.0000	0.5000	0.7768	10.1616
-4.8613	2.1697	1.7829	-5.0000	3.0000	0.5000	-0.1830	10.2390
-4.9162	2.3775	1.8275	-5.0000	3.0000	0.4363	-0.3595	10.3501
-4.9637	2.5920	1.6673	-5.0000	3.0000	0.2867	-0.0150	10.4586
-4.9730	2.7098	1.6186	-5.0000	3.0000	0.2038	0.0611	10.5386
-4.9770	2.7976	1.6362	-5.0000	3.0000	0.1425	0.0455	10.6407
-4.9807	2.8587	1.6564	-5.0000	3.0000	0.0997	0.0333	10.7392
-4.9854	2.9161	1.6760	-5.0000	3.0000	0.0000	-1.5000	10.8333
-4.9980	2.9479	1.4166	-5.0000	3.0000	0.0000	-1.5000	10.9445
-5.0196	2.9563	0.8819	-5.0000	3.0000	0.0000	-1.5000	11.0522
-5.0321	2.9727	0.4161	-5.0000	3.0000	0.0000	-0.7490	11.1495
-5.0356	2.9865	0.1097	-5.0000	3.0000	0.0000	-0.1974	11.2574
-5.0364	2.9932	-0.0331	-5.0000	3.0000	0.0000	0.0000	11.3475
-5.0367	2.9940	-0.0460	-5.0000	3.0000	0.0000	0.0000	11.4420
-5.0368	2.9940	-0.0460	-5.0000	3.0000	0.0000	0.0000	11.5432
-5.0369	2.9940	-0.0459	-5.0000	3.0000	0.0000	0.0000	11.6263
-5.0370	2.9941	-0.0459	-5.0000	3.0000	0.0000	0.0000	11.7734
-5.0371	2.9941	-0.0459	-5.0000	3.0000	0.0000	0.0000	11.9435
-5.0371	2.9941	-0.0459	-5.0000	3.0000	0.0000	0.0000	11.9846
-5.0372	2.9941	-0.0458	-5.0000	3.0000	0.0000	0.0000	12.0754
-5.0373	2.9941	-0.0458	-5.0000	3.0000	0.0000	0.0000	12.1699
-5.0375	2.9942	-0.0458	-5.0000	3.0000	0.0000	0.0000	12.2765
-5.0376	2.9942	-0.0458	-5.0000	3.0000	0.0000	0.0000	12.3643
-5.0377	2.9942	-0.0458	-5.0000	3.0000	0.0000	0.0000	12.4618
-5.0378	2.9942	-0.0457	-5.0000	3.0000	0.0000	0.0000	12.5486
-5.0380	2.9943	-0.0458	-5.0000	3.0000	0.0000	0.0000	12.6896
-5.0381	2.9943	-0.0458	-5.0000	3.0000	0.0000	0.0000	12.7635
-5.0382	2.9943	-0.0458	-5.0000	3.0000	0.0000	0.0000	12.8977
-5.0382	2.9943	-0.0457	-4.9000	1.1000	0.0000	-1.5000	13.0042
-5.0367	2.9979	-0.1288	-4.9000	1.1000	0.0000	-1.5000	13.0929
-5.0284	3.0192	-0.6447	-4.9000	1.1000	0.0000	-1.5000	13.1749
-5.0014	3.0364	-1.3768	-4.9000	1.1000	0.5000	-1.2780	13.2620
-5.0106	2.9081	-2.0274	-4.9000	1.1000	0.5000	1.5000	13.3566
-5.1139	2.7341	-2.0095	-4.9000	1.1000	0.5000	1.5000	13.4581
-5.1677	2.5859	-1.6019	-4.9000	1.1000	0.5000	1.4640	13.5616
-5.1586	2.4262	-1.2055	-4.9000	1.1000	0.5000	-1.0838	13.6809
-5.0970	2.2972	-1.0278	-4.9000	1.1000	0.5000	-1.5000	13.8098
-5.0271	2.1711	-1.3286	-4.9000	1.1000	0.5000	-0.6231	13.8586
-5.0036	1.9213	-1.7029	-4.9000	1.1000	0.5000	0.9844	13.9727
-5.0356	1.7436	-1.6783	-4.9000	1.1000	0.4377	0.9514	14.0596
-5.0408	1.5772	-1.3180	-4.9000	1.1000	0.3481	0.0794	14.1626
-5.0202	1.4974	-1.1941	-4.9000	1.1000	0.2897	-0.1607	14.3113
-4.9789	1.3972	-1.2167	-4.9000	1.1000	0.2143	-0.1355	14.3640
-4.9366	1.2811	-1.2865	-4.9000	1.1000	0.0000	0.0000	14.4605
-4.9307	1.2625	-1.2850	1.9000	0.1000	0.0000	1.5000	14.5485
-4.9471	1.2502	-0.8115	1.9000	0.1000	0.0000	1.1612	14.6582
-4.9592	1.2272	-0.2290	1.9000	0.1000	0.5000	1.5000	14.7571
-4.9121	1.2125	0.1328	1.9000	0.1000	0.5000	-1.5000	14.8680
-4.7299	1.2511	0.0654	1.9000	0.1000	0.5000	-1.5000	14.9616
-4.4784	1.2127	-0.5921	1.9000	0.1000	0.5000	1.5000	15.0661
-4.3295	1.0905	-0.6212	1.9000	0.1000	0.5000	1.5000	15.1565
-4.1354	0.9965	-0.0599	1.9000	0.1000	0.5000	-1.5000	15.2732
-3.9823	1.0007	0.1445	1.9000	0.1000	0.5000	-1.5000	15.3561
-3.7502	0.9951	-0.4328	1.9000	0.1000	0.5000	1.5000	15.4536
-3.5455	0.8859	-0.2581	1.9000	0.1000	0.5000	1.5000	15.5976
-3.4090	0.8587	0.0937	1.9000	0.1000	0.5000	-1.5000	15.6681
-3.2585	0.8860	0.2190	1.9000	0.1000	0.5000	-1.5000	15.7486
-3.0829	0.9052	-0.2341	1.9000	0.1000	0.5000	1.5000	15.8635
-2.8659	0.8287	-0.1670	1.9000	0.1000	0.5000	0.3437	15.9502
-2.5638	0.8239	0.1476	1.9000	0.1000	0.5000	-1.5000	16.0480
-2.3032	0.8495	-0.2498	1.9000	0.1000	0.5000	1.4597	16.1572
-2.0863	0.7681	-0.1745	1.9000	0.1000	0.5000	0.1596	16.2528
-1.8322	0.7528	0.0306	1.9000	0.1000	0.5000	-1.5000	16.3603
-1.6061	0.7544	-0.2606	1.9000	0.1000	0.5000	1.2642	16.4741
-1.4600	0.7014	-0.4592	1.9000	0.1000	0.5000	1.5000	16.5625
-1.2942	0.6387	-0.0280	1.9000	0.1000	0.5000	-1.5000	16.6560
-1.0656	0.6574	-0.0972	1.9000	0.1000	0.5000	-1.2452	16.7707
-0.9219	0.6336	-0.4142	1.9000	0.1000	0.5000	1.5000	16.8968
-0.8112	0.5778	-0.5958	1.9000	0.1000	0.5000	1.5000	16.9670
-0.6776	0.4919	-0.2735	1.9000	0.1000	0.5000	1.4882	17.1043
-0.6009	0.4695	-0.0743	1.9000	0.1000	0.5000	-0.8529	17.1820
-0.4375	0.4719	0.0849	1.9000	0.1000	0.5000	-1.5000	17.2595
-0.2356	0.4656	-0.3919	1.9000	0.1000	0.5000	1.5000	17.3793
-0.0890	0.3897	-0.4932	1.9000	0.1000	0.5000	1.5000	17.4771
0.0747	0.3237	-0.0385	1.9000	0.1000	0.5000	-0.7156	17.5635
0.2892	0.3338	-0.0257	1.9000	0.1000	0.5000	-0.8975	17.6510
0.5348	0.2968	-0.4136	1.9000	0.1000	0.5000	1.5000	17.7587
0.6555	0.2381	-0.4897	1.9000	0.1000	0.5000	1.5000	17.8555
0.8620	0.1645	0.0443	1.9000	0.1000	0.5000	-0.5154	17.9662
1.0476	0.1897	0.1587	1.9000	0.1000	0.5000	-1.0417	18.0702
1.2257	0.2064	-0.1363	1.9000	0.1000	0.4778	-0.0644	18.1672
1.4274	0.1641	-0.2651	1.9000	0.1000	0.3310	0.2889	18.2826
1.5572	0.1278	-0.2160	1.9000	0.1000	0.2386	0.2163	18.3932
1.6385	0.1097	-0.1427	1.9000	0.1000	0.1821	0.1286	18.4655
1.7060	0.0995	-0.0918	1.9000	0.1000	0.0000	0.0000	18.5781
1.7339	0.0957	-0.0647	4.9000	0.1000	0.5000	0.9747	18.6679
1.8050	0.0902	-0.0469	4.9000	0.1000	0.5000	0.7225	18.7842
1.9630	0.0885	0.1470	4.9000	0.1000	0.5000	-1.5000	18.8903
2.1070	0.1148	0.2123	4.9000	0.1000	0.5000	-1.5000	19.0043
2.2292	0.1389	-0.0621	4.9000	0.1000	0.5000	0.5926	19.0560
2.3483	0.1251	-0.1684	4.9000	0.1000	0.5000	1.5000	19.1866
2.4986	0.1038	0.1080	4.9000	0.1000	0.5000	-1.2259	19.2868
2.6339	0.1260	0.3177	4.9000	0.1000	0.5000	-1.5000	19.4242
2.7467	0.1627	0.0760	4.9000	0.1000	0.5000	-1.0543	19.4508
2.9180	0.1597	-0.2583	4.9000	0.1000	0.5000	1.5000	19.5846
3.0547	0.1163	-0.3499	4.9000	0.1000	0.5000	1.5000	19.6657
3.2059	0.0735	0.0460	4.9000	0.1000	0.5000	-0.2400	19.7677
3.3725	0.0961	0.2090	4.9000	0.1000	0.5000	-1.4612	19.8701
3.5458	0.1270	-0.0882	4.9000	0.1000	0.5000	0.4314	19.9610
3.7112	0.0990	-0.2192	4.9000	0.1000	0.5000	1.2108	20.0638
3.8852	0.0703	0.0881	4.9000	0.1000	0.5000	-0.2788	20.1576
4.1407	0.1088	0.1005	4.9000	0.1000	0.5000	-0.3964	20.2588
4.3618	0.1206	-0.0706	4.9000	0.1000	0.3768	0.0816	20.3578
4.5208	0.1062	-0.0819	4.9000	0.1000	0.2649	0.1162	20.4771
4.6662	0.0958	-0.0194	4.9000	0.1000	0.1636	0.0409	20.5795
4.7534	0.0942	0.0126	4.9000	0.1000	0.0000	0.0000	20.6761
4.7751	0.0935	0.0367	5.0000	2.0000	0.0000	1.5000	20.7604
4.7850	0.0874	0.2651	5.0000	2.0000	0.0000	1.5000	20.8640
4.7957	0.0669	0.8009	5.0000	2.0000	0.0000	1.1962	20.9774
4.8131	0.0563	1.2592	5.0000	2.0000	0.5000	1.5000	21.0771
4.8306	0.0866	1.6308	5.0000	2.0000	0.5000	-1.3243	21.1599
4.8076	0.2401	1.6417	5.0000	2.0000	0.5000	-1.4770	21.2992
4.8057	0.3822	1.3028	5.0000	2.0000	0.5000	1.1252	21.3563
4.8495	0.5105	1.2259	5.0000	2.0000	0.5000	1.5000	21.4816
4.8836	0.6052	1.4653	5.0000	2.0000	0.5000	0.1449	21.5766
4.8891	0.7594	1.6653	5.0000	2.0000	0.5000	-1.0620	21.6667
4.8779	0.9922	1.3731	5.0000	2.0000	0.5000	0.3647	21.7806
4.9170	1.1430	1.2818	5.0000	2.0000	0.5000	0.7685	21.8680
4.9618	1.3261	1.5181	5.0000	2.0000	0.4725	-0.0123	21.9682
4.9601	1.5641	1.6059	5.0000	2.0000	0.3040	-0.2576	22.0636
4.9543	1.7018	1.5474	5.0000	2.0000	0.2094	-0.1806	22.1777
4.9561	1.7936	1.4735	5.0000	2.0000	0.1468	-0.1103	22.2613
4.9623	1.8622	1.4178	5.0000	2.0000	0.0994	-0.0761	22.3663
4.9680	1.9036	1.3849	5.0000	2.0000	0.0704	-0.0638	22.4880
4.9717	1.9264	1.3690	5.0000	2.0000	0.0000	1.5000	22.6138
4.9761	1.9415	1.4102	5.0000	2.0000	0.0000	1.5000	22.6682
4.9900	1.9481	1.7284	5.0000	2.0000	0.0000	1.5000	22.7659
5.0095	1.9547	2.1934	5.0000	2.0000	0.0000	1.5000	22.8971
5.0244	1.9729	2.7259	5.0000	2.0000	0.0000	0.7483	22.9864
5.0277	1.9891	3.1023	5.0000	2.0000	0.0000	0.0707	23.0930
5.0274	1.9941	-3.0666	5.0000	2.0000	0.0000	-0.1350	23.1928
5.0278	1.9934	-3.0858	5.0000	2.0000	0.0000	-0.1005	23.2932
5.0285	1.9915	-3.1286	5.0000	2.0000	0.0000	0.0000	23.3715
5.0288	1.9912	-3.1343	5.0000	2.0000	0.0000	0.0000	23.4933
5.0289	1.9912	-3.1343	5.0000	2.0000	0.0000	0.0000	23.5878
5.0289	1.9912	-3.1343	5.0000	2.0000	0.0000	0.0000	23.6846
5.0290	1.9912	-3.1343	5.0000	2.0000	0.0000	0.0000	23.7902
5.0291	1.9912	-3.1343	5.0000	2.0000	0.0000	0.0000	23.8889
5.0292	1.9912	-3.1343	5.0000	2.0000	0.0000	0.0000	23.9602
5.0293	1.9912	-3.1343	5.0000	2.0000	0.0000	0.0000	24.0651
5.0295	1.9912	-3.1343	5.0000	2.0000	0.0000	0.0000	24.1718
5.0296	1.9912	-3.1342	5.0000	2.0000	0.0000	0.0000	24.2610
5.0297	1.9912	-3.1343	5.0000	2.0000	0.0000	0.0000	24.3620
5.0298	1.9911	-3.1343	5.0000	2.0000	0.0000	0.0000	24.4604
5.0299	1.9911	-3.1342	5.0000	2.0000	0.0000	0.0000	24.5820
5.0300	1.9911	-3.1342	5.0000	2.0000	0.0000	0.0000	24.6950
5.0301	1.9911	-3.1342	5.0000	2.0000	0.0000	0.0000	24.7809
5.0302	1.9911	-3.1342	5.0000	2.0000	0.0000	0.0000	24.8917
5.0303	1.9911	-3.1341	4.9000	-4.9000	0.0000	1.5000	24.9876
5.0381	1.9998	-2.9400	4.9000	-4.9000	0.0000	1.5000	25.0630
5.0286	2.0209	-2.4133	4.9000	-4.9000	0.0000	1.4830	25.1866
5.0091	2.0338	-1.8846	4.9000	-4.9000	0.5000	1.5000	25.2716
4.9906	1.9860	-1.3587	4.9000	-4.9000	0.5000	-1.5000	25.3685
5.0413	1.8294	-1.3524	4.9000	-4.9000	0.5000	-1.5000	25.4893
5.0629	1.6927	-1.7088	4.9000	-4.9000	0.5000	1.5000	25.5625
5.0243	1.5255	-1.7911	4.9000	-4.9000	0.5000	1.5000	25.6767
5.0025	1.3895	-1.4346	4.9000	-4.9000	0.5000	-1.5000	25.7935
5.0317	1.2494	-1.2516	4.9000	-4.9000	0.5000	-1.5000	25.8881
5.0674	1.1353	-1.5270	4.9000	-4.9000	0.5000	-1.5000	25.9634
5.0647	0.9961	-1.8800	4.9000	-4.9000	0.5000	1.5000	26.0597
5.0038	0.8555	-2.0062	4.9000	-4.9000	0.5000	1.5000	26.1796
4.9500	0.7082	-1.6001	4.9000	-4.9000	0.5000	0.5335	26.2531
4.9602	0.5224	-1.3432	4.9000	-4.9000	0.5000	-1.5000	26.3664
5.0083	0.3412	-1.4012	4.9000	-4.9000	0.5000	-1.5000	26.4590
5.0179	0.1638	-1.8573	4.9000	-4.9000	0.5000	1.5000	26.5855
4.9608	0.0207	-2.0641	4.9000	-4.9000	0.5000	1.5000	26.6686
4.8891	-0.1599	-1.5829	4.9000	-4.9000	0.5000	0.3185	26.7617
4.8988	-0.3128	-1.3589	4.9000	-4.9000	0.5000	-1.5000	26.8847
4.9391	-0.4828	-1.4164	4.9000	-4.9000	0.5000	-1.5000	26.9753
4.9533	-0.6018	-1.7170	4.9000	-4.9000	0.5000	1.5000	27.0640
4.9213	-0.7530	-1.8366	4.9000	-4.9000	0.5000	1.5000	27.2059
4.8933	-0.8869	-1.4835	4.9000	-4.9000	0.5000	-1.5000	27.2795
4.9223	-1.0486	-1.3298	4.9000	-4.9000	0.5000	-1.5000	27.3613
4.9478	-1.2054	-1.7245	4.9000	-4.9000	0.5000	1.5000	27.4856
4.9204	-1.3306	-1.8947	4.9000	-4.9000	0.5000	1.5000	27.5741
4.8799	-1.4789	-1.5262	4.9000	-4.9000	0.5000	-0.6177	27.6690
4.8908	-1.5967	-1.3672	4.9000	-4.9000	0.5000	-1.5000	27.7603
4.9156	-1.7196	-1.5964	4.9000	-4.9000	0.5000	0.3065	27.8823
4.8969	-1.8810	-1.7715	4.9000	-4.9000	0.5000	1.5000	27.9679
4.8693	-2.0326	-1.5031	4.9000	-4.9000	0.5000	-0.7624	28.0757
4.8880	-2.1691	-1.3542	4.9000	-4.9000	0.5000	-1.5000	28.1696
4.9133	-2.3309	-1.7207	4.9000	-4.9000	0.5000	1.5000	28.2859
4.8834	-2.4635	-1.9403	4.9000	-4.9000	0.5000	1.5000	28.3591
4.8335	-2.6107	-1.6026	4.9000	-4.9000	0.5000	0.6500	28.4682
4.8451	-2.7901	-1.3143	4.9000	-4.9000	0.5000	-1.5000	28.5765
4.9051	-2.9741	-1.3229	4.9000	-4.9000	0.5000	-1.5000	28.6645
4.9303	-3.1303	-1.7285	4.9000	-4.9000	0.5000	1.1576	28.7703
4.9017	-3.2616	-1.8853	4.9000	-4.9000	0.5000	1.5000	28.8917
4.8669	-3.3753	-1.6155	4.9000	-4.9000	0.5000	0.4725	28.9677
4.8721	-3.5330	-1.3740	4.9000	-4.9000	0.5000	-1.1194	29.1112
4.9070	-3.6803	-1.2962	4.9000	-4.9000	0.5000	-1.5000	29.1863
4.9431	-3.8257	-1.5921	4.9000	-4.9000	0.5000	-0.0945	29.2620
4.9234	-4.0000	-1.7849	4.9000	-4.9000	0.5000	0.7856	29.3642
4.8834	-4.1886	-1.6282	4.9000	-4.9000	0.4965	0.2677	29.4606
4.8839	-4.4062	-1.4719	4.9000	-4.9000	0.3451	-0.1527	29.5671
4.9018	-4.5584	-1.4663	4.9000	-4.9000	0.2377	-0.1745	29.6778
4.9117	-4.6527	-1.5103	4.9000	-4.9000	0.1723	-0.1245	29.7814
4.9162	-4.7098	-1.5467	4.9000	-4.9000	0.0000	0.0000	29.9907
4.9174	-4.7331	-1.5647	3.0000	-5.0000	0.0000	-1.5000	30.0666
4.9178	-4.7357	-1.6127	3.0000	-5.0000	0.0000	-1.5000	30.1163
4.9375	-4.7456	-2.1307	3.0000	-5.0000	0.0000	-1.5000	30.2329
4.9519	-4.7603	-2.5967	3.0000	-5.0000	0.0000	-0.7610	30.3055
4.9595	-4.7736	-2.9531	3.0000	-5.0000	0.5000	-0.6760	30.4132
4.8704	-4.7837	3.0245	3.0000	-5.0000	0.5000	1.5000	30.5026
4.6742	-4.7637	-2.9711	3.0000	-5.0000	0.5000	-0.2387	30.6275
4.5162	-4.8059	-2.7472	3.0000	-5.0000	0.5000	-1.5000	30.7113
4.2949	-4.8749	3.0747	3.0000	-5.0000	0.5000	0.9868	30.8288
4.0856	-4.8370	3.0224	3.0000	-5.0000	0.5000	1.3577	30.9180
3.9398	-4.8275	-2.9462	3.0000	-5.0000	0.5000	-0.0616	31.0124
3.7004	-4.9026	-2.7971	3.0000	-5.0000	0.4845	-0.6759	31.1628
3.5833	-4.9440	-2.8358	3.0000	-5.0000	0.4012	-0.5704	31.2103
3.3687	-4.9915	3.1287	3.0000	-5.0000	0.2580	0.0616	31.3059
3.2353	-4.9839	3.0489	3.0000	-5.0000	0.1629	0.1762	31.4339
3.1676	-4.9766	3.1043	3.0000	-5.0000	0.1166	0.1385	31.5169
3.1177	-4.9734	-3.1140	3.0000	-5.0000	0.0829	0.1090	31.6122
3.0817	-4.9732	-3.0684	3.0000	-5.0000	0.0000	-1.5000	31.7089
3.0470	-4.9885	2.8716	3.0000	-5.0000	0.0000	-1.5000	31.8293
3.0287	-5.0148	2.1406	3.0000	-5.0000	0.0000	-1.0257	31.9218
3.0140	-5.0228	1.7761	3.0000	-5.0000	0.0000	-0.3696	32.0119
3.0038	-5.0264	1.5547	3.0000	-5.0000	0.0000	0.0000	32.1129
3.0028	-5.0285	1.5345	3.0000	-5.0000	0.0000	0.0000	32.1996
3.0028	-5.0286	1.5345	3.0000	-5.0000	0.0000	0.0000	32.3099
3.0027	-5.0288	1.5345	3.0000	-5.0000	0.0000	0.0000	32.4145
3.0027	-5.0290	1.5346	3.0000	-5.0000	0.0000	0.0000	32.5135
3.0027	-5.0291	1.5346	3.0000	-5.0000	0.0000	0.0000	32.6207
3.0027	-5.0293	1.5346	3.0000	-5.0000	0.0000	0.0000	32.7157
3.0027	-5.0294	1.5346	3.0000	-5.0000	0.0000	0.0000	32.8288
3.0027	-5.0296	1.5346	3.0000	-5.0000	0.0000	0.0000	32.9233
3.0027	-5.0297	1.5346	3.0000	-5.0000	0.0000	0.0000	33.0452
3.0027	-5.0299	1.5346	3.0000	-5.0000	0.0000	0.0000	33.1343
3.0027	-5.0300	1.5346	3.0000	-5.0000	0.0000	0.0000	33.2214
3.0027	-5.0301	1.5346	3.0000	-5.0000	0.0000	0.0000	33.3064
3.0027	-5.0302	1.5346	3.0000	-5.0000	0.0000	0.0000	33.4373
3.0026	-5.0304	1.5347	3.0000	-5.0000	0.0000	0.0000	33.5228
3.0026	-5.0305	1.5347	3.0000	-5.0000	0.0000	0.0000	33.6073
3.0026	-5.0307	1.5347	3.0000	-5.0000	0.0000	0.0000	33.7125
3.0026	-5.0309	1.5347	0.0000	-5.0000	0.0000	1.5000	33.8344
3.0096	-5.0285	1.7255	0.0000	-5.0000	0.0000	1.5000	33.9131
3.0303	-5.0135	2.3164	0.0000	-5.0000	0.0000	1.4774	34.0167
3.0404	-4.9957	2.7752	0.0000	-5.0000	0.0000	0.6621	34.1330
3.0380	-4.9805	3.1186	0.0000	-5.0000	0.5000	0.4165	34.2210
3.0044	-4.9756	-2.9695	0.0000	-5.0000	0.5000	-1.5000	34.3379
2.8765	-5.0050	-2.9392	0.0000	-5.0000	0.5000	-1.5000	34.4279
2.7386	-5.0242	2.9882	0.0000	-5.0000	0.5000	1.5000	34.5287
2.5897	-4.9887	2.7829	0.0000	-5.0000	0.5000	1.5000	34.6146
2.4409	-4.9439	-3.1186	0.0000	-5.0000	0.5000	-0.0005	34.7069
2.2447	-4.9682	-2.9322	0.0000	-5.0000	0.5000	-1.5000	34.8061
2.0500	-5.0008	3.0201	0.0000	-5.0000	0.5000	1.1558	34.9430
1.9204	-4.9787	2.7962	0.0000	-5.0000	0.5000	1.5000	35.0108
1.7743	-4.9328	3.1242	0.0000	-5.0000	0.5000	0.4572	35.1369
1.6465	-4.9372	-2.9116	0.0000	-5.0000	0.5000	-1.4668	35.2117
1.4839	-4.9795	-3.0358	0.0000	-5.0000	0.5000	-0.6362	35.3207
1.3314	-4.9833	2.9722	0.0000	-5.0000	0.5000	1.1243	35.4383
1.1984	-4.9561	2.9221	0.0000	-5.0000	0.5000	1.4177	35.5219
1.0571	-4.9314	-3.0299	0.0000	-5.0000	0.5000	-0.2319	35.6121
0.8867	-4.9631	-2.8988	0.0000	-5.0000	0.5000	-0.8276	35.7125
0.7028	-4.9993	-3.1332	0.0000	-5.0000	0.4920	-0.0244	35.8395
0.4901	-4.9865	3.0277	0.0000	-5.0000	0.3398	0.3224	35.9077
0.2884	-4.9653	3.1408	0.0000	-5.0000	0.2018	0.1630	36.0099
0.2047	-4.9650	-3.0704	0.0000	-5.0000	0.1447	0.0952	36.0966
0.1818	-4.9659	-3.0533	0.0000	-5.0000	0.1289	0.0836	36.2187
0.1151	-4.9713	-3.0103	0.0000	-5.0000	0.0825	0.0623	36.3280
0.0767	-4.9756	-2.9824	0.0000	-5.0000	0.0000	-1.5000	36.4305
0.0441	-4.9845	-3.0988	0.0000	-5.0000	0.0000	-1.5000	36.5303
0.0357	-5.0088	2.6116	0.0000	-5.0000	0.0000	-1.5000	36.6213
0.0189	-5.0253	2.0793	0.0000	-5.0000	0.0000	-0.9153	36.7286
-0.0037	-5.0325	1.5501	0.0000	-5.0000	0.0000	0.0000	36.9077
-0.0146	-5.0329	1.3240	0.0000	-5.0000	0.0000	0.0000	36.9370
-0.0156	-5.0336	1.3099	0.0000	-5.0000	0.0000	0.0000	37.0255
-0.0157	-5.0337	1.3100	0.0000	-5.0000	0.0000	0.0000	37.1239
-0.0158	-5.0338	1.3101	0.0000	-5.0000	0.0000	0.0000	37.2338
-0.0158	-5.0340	1.3101	0.0000	-5.0000	0.0000	0.0000	37.3379
-0.0159	-5.0341	1.3101	0.0000	-5.0000	0.0000	0.0000	37.4180
-0.0159	-5.0342	1.3102	0.0000	-5.0000	0.0000	0.0000	37.5201
-0.0159	-5.0343	1.3102	0.0000	-5.0000	0.0000	0.0000	37.6269
-0.0160	-5.0344	1.3103	0.0000	-5.0000	0.0000	0.0000	37.7524
-0.0160	-5.0345	1.3102	0.0000	-5.0000	0.0000	0.0000	37.8372
-0.0160	-5.0346	1.3103	0.0000	-5.0000	0.0000	0.0000	37.9252
-0.0161	-5.0347	1.3103	0.0000	-5.0000	0.0000	0.0000	38.0303
-0.0162	-5.0348	1.3103	0.0000	-5.0000	0.0000	0.0000	38.1438
-0.0162	-5.0349	1.3104	0.0000	-5.0000	0.0000	0.0000	38.2124
-0.0162	-5.0350	1.3104	0.0000	-5.0000	0.0000	0.0000	38.3530
-0.0163	-5.0351	1.3104	0.0000	-5.0000	0.0000	0.0000	38.4391
